1	0.0424903	0.0424903	0.050461	0.050461	1
2	0.0942989	0.0518086	0.11197	0.061509		1
3	0.123714	0.0294151	0.145689	0.033719	1
4	0.175523	0.051809	0.207199	0.06151		1
5	0.204938	0.029415	0.240918	0.033719	1
6	0.256746	0.051808	0.302427	0.061509	1
7	0.286162	0.029416	0.336146	0.033719	1
8	0.33797	0.051808	0.397655	0.061509		1
9	0.367385	0.029415	0.431374	0.033719	1
10	0.419194	0.051809	0.492884	0.06151		1	
11	0.448609	0.029415	0.526603	0.033719	1
12	0.500418	0.051809	0.588112	0.061509	1
13	0.529833	0.029415	0.621831	0.033719	1
14	0.581641	0.051808	0.68334	0.061509		1
15	0.611057	0.029416	0.717059	0.033719	1
16	0.662865	0.051808	0.778569	0.06151		1
17	0.69228	0.029415	0.812288	0.033719		1
18	0.744089	0.051809	0.873797	0.061509	1
19	0.773504	0.029415	0.907516	0.033719	1
20	0.825313	0.051809	0.969025	0.061509	1
21	0.854728	0.029415	1.00274	0.033715		1
22	0.919502	0.064774	1.07992	0.07718			1
23	0.948918	0.029416	1.11364	0.0337199		1
24	1.01369	0.064772	1.19081	0.07717				1
25	1.04311	0.02942	1.22453	0.03372					1
26	1.10416	0.0610499	1.29668	0.07215				1
27	1.13357	0.02941	1.3304	        0.03372				1
28	1.1959	    	0.06233	1.40402	0.07362				1
29	1.4419	   	0.246		1.70379	0.29977			1
30	1.68425     	0.24235	1.99845	0.29466				1
31	1.9266	   	0.24235	2.2931		0.29465			1
32	2.16894	0.24234	2.58776	0.29466					1
33	2.41129	0.24235	2.88242	0.29466					1
34	2.64702	0.23573	3.16908	0.28666					1
35	2.97765	0.33063	3.57123	0.40215					1
36	3.22		0.24235	3.86589	0.29466				1
37	3.46235	0.24235	4.16055	0.29466					1
38	3.70777	0.24542	4.45838	0.29783					1
39	3.94672	0.23895	4.74838	0.29					1
40	4.18258	0.23586	5.0352		0.28682				1
41	4.35237	0.16979	5.24158	0.20638					0
42	4.4415		0.0891304	5.3501		0.10852		0
43	4.53063	0.0891299	5.45863	0.10853				1
44	4.61975	0.0891199	5.56716	0.10853				0
45	4.70888	0.0891299	5.67568	0.10852				0
46	4.79801	0.0891299	5.78421	0.10853				0
47	4.88714	0.0891299	5.89274	0.10853				1
48	4.97627	0.0891304	6.00127	0.10853				0
49	5.0654		0.0891299	6.10979	0.10852			0
50	5.15452	0.0891199	6.21832	0.10853				0
51	5.24365	0.0891299	6.32685	0.10853				1
52	5.33278	0.0891299	6.43537	0.10852				0
53	5.42191	0.0891299	6.5439		0.10853			0
54	5.51104	0.0891304	6.65243	0.10853				0
55	5.60017	0.0891299	6.76096	0.10853				1
56	5.68929	0.0891199	6.86948	0.10852				0
57	5.77842	0.0891299	6.97801	0.10853				0
58	5.86755	0.0891299	7.08654	0.10853				0
59	5.95668	0.0891299	7.19506	0.10852				1
60	6.04581	0.0891304	7.30359	0.10853				0
61	6.13494	0.0891299	7.41212	0.10853				0
62	6.22406	0.0891199	7.52065	0.10853				0
63	6.31319	0.0891299	7.62917	0.10852				1
64	6.40232	0.0891299	7.7377		0.10853			0
65	6.49145	0.0891299	7.84623	0.10853				0
66	6.58058	0.0891304	7.95475	0.10852				0
67	6.66971	0.0891299	8.06328	0.10853				1
68	6.75883	0.0891199	8.17181	0.10853				0
69	6.84796	0.0891299	8.28034	0.10853				0
70	6.93709	0.0891299	8.38886	0.10852				0
71	7.02622	0.0891299	8.49739	0.10853				1
72	7.11535	0.0891299	8.60592	0.10853				0
73	7.20448	0.0891304	8.71444	0.108521			0
74	7.2936		0.0891199	8.82297	0.10853			0
75	7.38273	0.0891299	8.9315		0.10853			1
76	7.47186	0.0891299	9.04003	0.108529			0
77	7.56099	0.0891299	9.14855	0.108521			0
78	7.65012	0.0891299	9.25708	0.10853				0
79	7.90771	0.25759	9.57073	0.31365					1
